07025664511
0702 5664 511
0703 331 3456
070 3444 2345
--------------------------------------
07125664511
0712 5664 511
0713 331 3456
071 3444 2345
-----------------------------------------------------------
08025664511
0802 5664 511
0803 331 3456
080 3444 2345
-----------------------------------------------------------
08125664511
0812 5664 511
0813 331 3456
081 3444 2345
-----------------------------------------------------------
09125664511
0912 5664 511
0913 331 3456
091 3444 2345
-----------------------------------------------------------
09025664511
0902 5664 511
0903 331 3456
090 3444 2345
-----------------------------------------------------------
+234 445 334 5555
+234 445 3344 555
+234 4453 345 555
+2348123456780
-----------------------------------------------------------
+1 555-123-4567
+1 555-123-4567
+1 555-987-6543
+1 555-555-5555
+1 555-111-2222
+1 555-444-3333
+1 555-999-8888
+1 555-777-0000
+1 555-666-9999
+1 555-222-1111
+1 555-333-4444